Std-#	test1	test2	test3	Asgn 	Final 	Total	Grade

1972045	6.5	3.5	--	19.5 	--	29.5	F
1837640	4	4	3	24.75 	10	45.75	C-
1627641	6.5	5	3.5	25 	7	47	C-
1932806	5	4	4	35.5 	11.5	60	B-
1998291	3.5	8.5	3.5	31 	8	54.5	C+
2023049	2	3.5	3	34.5 	1	44	F
1930603	5	8	3.5	35 	4	55.5	C+
1449007	8.5	7	4	35.5 	22.5	77.5	A-
1873406	5.5	7	4	32 	9.5	58	C+
2103230	6	3	3.5	22 	16+5	61.5	B-

1938101	6	4.5	4	33 	14	61.5	B-
1742468	6	7.5	7.5	35.5 	18	75	A-
1969586	5	8.5	4	37.5 	17	72	B+
2197981	9	3	3.5	30.5 	22.5	68.5	B+
1977084	5	6.5	5	36 	13	65.5	B
1792815	6.5	8	3	26.5 	14	58	C+
1969659	4.5	8.5	3.5	35 	12	63.5	B
2016987	4	--	--	10 	--	14	F
1213235	8.5	6	3	23.5 	8	49	C
2027309	8	1	3.5	21 	11	44.5	C-

1910137	4.5	4.5	4	32 	18.5+5	68.5	B+
2005333	5	4.5	3	31 	11	54.5	C+
1562481	4	6.5	3.5	22 	10	46	C-
1808537	6.5	8	4	35.5 	17	71	B+
2185774	6.5	6.5	3.5	28.5 	11	56	C+
2042383	5	--	--	9 	--	14	F
1450116	4	6	3.5	32.5 	10.5	56.5	C+
2052118	6	3.5	3	27.5 	17.5	57.5	C+
0037568	4.5	6	4	33.5 	9	57	C+
1922127	4	4.5	3	30.5 	7	49	C

1255275	4	5	3	32.5 	9.5	54	C+
2042468	4.5	6.5	4	33.5 	19+5	71.5	B+
2000557 3.5	2	3	11.5 	10	30	F
1970126	5	6.5	4 	31.5 	13.5	50.5	C
1970136 8.5	8.5	6	35 	24	82	A
1946911 2.5	4.5	3	31 	11	52	C
0167882 4	5	3	30.5 	8	50.5	C
1867921	6	6.5	5.5	34 	13.5	65.5	B
1996005	4	0.5	3	12.5 	9	29	F
1547345	9.5	8.5	4	36 	17	7	A-

1666407	6	2	5	34.5 	15+5	67.5	B
1912683	7.5	8	3	34 	11	63.5	B
1951244 4	4.5	2	30.5 	10	51	C
2034160	4	6.5	4 	28 	10	52.5	C
2001818 5	8	3.5	35 	10	61.5	B-
1104308 3.5	--	--	21 	--	24.5	F
1775881 6	5	4	33 	22+5	75	A-
1973237 1	3.5	3.5	15.5 	6	29.5	F
1853865 8.5	6	7.5	27 	16.5	65.5	B
1864693 4	2	3	32.5 	4	45.5	C-

2004316 0.5	6.5	5	28 	4	44	C-
1444955 2.5	6.5	4	33 	18.5+5	69.5	B+
1170527 4.5	8.5	4.5	35 	13	65.5	B
1920941 6.5	6.5	6	32 	17.5	68.5	B+
1970918 3.5	0.5	3	27 	11	45	C-
1936329 6.5	6.5	4	35 	17	69	B+
1934711 10	4.5	3.5	30 	8	56	C+
1925500 5	4	4	32.5 	8.5	54	C+
2051113 8	8	5	31 	25+5	82	A
1911219 7	5	4	27 	18	61	B-

82-----100 ===> A  (2 students)
75-----81.5 ==> A- (4 students)
68.5---74.5 ==> B+ (8 students)
63.5 ----68 ==> B  (7 students)
60  -----63 ==> B- (5 students)
54 --- 59.5 ==> C+ (12 students)
49 -- 53.5 ===> C  (7 students)
40 -- 48.5 ===> C- (7 students)

0 ----- 39 ===> F  (8 students, including 4 did not take the final)

Note: one must get 13.3% (or 4 points) in the final to pass the course.

		Total: 60

